webapp0823/web/display/20180420gfs.json
{"header": {"discipline":0,"disciplineName":"Meteorological products","gribEdition":2,"gribLength":78262,"center":7,"centerName":"US National Weather Service - NCEP(WMC)","subcenter":0,"refTime":"2018-04-20T00:00:00.000Z","significanceOfRT":1,"significanceOfRTName":"Start of forecast","productStatus":0,"productStatusName":"Operational products","productType":1,"productTypeName":"Forecast products","productDefinitionTemplate":0,"productDefinitionTemplateName":"Analysis/forecast at horizontal level/layer at a point in time","parameterCategory":2,"parameterCategoryName":"Momentum","parameterNumber":3,"parameterNumberName":"V-component_of_wind","parameterUnit":"m.s-1","genProcessType":2,"genProcessTypeName":"Forecast","forecastTime":18,"surface1Type":100,"surface1TypeName":"Isobaric surface","surface1Value":85000.0,"surface2Type":255,"surface2TypeName":"Missing","surface2Value":0.0,"gridDefinitionTemplate":0,"gridDefinitionTemplateName":"Latitude_Longitude","numberPoints":65160,"shape":6,"shapeName":"Earth spherical with radius of 6,371,229.0 m","gridUnits":"degrees","resolution":48,"winds":"true","scanMode":0,"nx":360,"ny":181,"basicAngle":0,"lo1":0.0,"la1":90.0,"lo2":359.0,"la2":-90.0,"dx":1.0,"dy":1.0}, "data":
[rows 52 to 77 of 181, columns 236 to 294 of 360]
-2.8354151,-2.145415,-5.485415,-9.375415,-0.66541505,-2.255415,-4.815415,-8.045415,-10.455415,-11.565415,-10.645415,-5.7054152,-3.8054152,-4.355415,2.6645849,4.524585,2.9345849,5.094585,8.314585,5.764585,16.744585,17.334585,14.524585,12.874585,11.954585,12.034585,11.264585,9.544585,8.444585,7.904585,6.194585,5.8145847,5.534585,4.454585,2.504585,0.71458495,-1.235415,-3.695415,-5.535415,-6.465415,-5.545415,-5.375415,-5.265415,-6.6854153,-6.645415,-6.755415,-8.925415,-10.515415,-12.915415,-12.255415,-11.255415,-11.075415,-10.015415,-7.965415,-5.555415,-3.695415,-1.985415,-1.3754151,-1.355415
-2.925415,-3.735415,-7.545415,-11.435415,-7.595415,-0.06541504,-5.055415,-10.775415,-8.435415,-6.855415,-4.695415,-4.365415,-3.005415,2.204585,0.75458497,2.974585,3.704585,0.83458495,4.434585,10.954585,13.084585,11.754585,14.634585,14.0545845,11.314585,10.874585,10.934585,8.674585,7.484585,6.614585,7.474585,6.354585,5.024585,3.264585,1.924585,0.75458497,-0.72541505,-2.645415,-3.975415,-4.615415,-3.695415,-3.245415,-4.595415,-6.055415,-6.715415,-5.805415,-8.425415,-10.505415,-12.595415,-12.095415,-12.315415,-10.925415,-8.375415,-6.565415,-4.905415,-3.5554152,-2.595415,-2.0854151,-1.785415
-4.165415,-4.915415,-7.905415,-9.905415,-9.775415,-0.16541503,-5.9554152,-6.095415,-9.585415,-4.165415,-3.8254151,-3.095415,-1.6454151,-2.175415,5.074585,4.624585,3.734585,2.214585,9.504585,14.824585,10.364585,12.374585,14.784585,14.064585,12.374585,11.684585,10.3045845,7.934585,6.864585,7.144585,6.234585,6.274585,4.734585,3.4445848,2.644585,2.224585,1.3545849,-0.27541503,-0.875415,-2.135415,-3.365415,-2.915415,-1.825415,-4.985415,-5.355415,-5.265415,-7.645415,-9.505415,-10.415415,-12.455415,-11.535415,-9.955415,-7.535415,-5.375415,-4.385415,-3.845415,-2.8154151,-1.6454151,3.114585
-5.925415,-5.835415,-7.725415,-9.605415,-3.625415,-2.025415,0.50458497,-2.545415,-8.165415,-5.4554152,-0.27541503,-3.365415,0.52458495,1.2245849,1.5045849,3.774585,2.864585,1.3645849,7.014585,12.634585,9.824585,14.574585,15.514585,14.124585,12.494585,12.164585,10.044585,7.254585,6.164585,6.904585,6.574585,5.114585,3.244585,2.1745849,1.204585,1.2445849,0.47458497,0.24458496,-0.60541505,-1.175415,-0.46541503,-0.84541506,-3.355415,-5.125415,-4.895415,-6.085415,-8.465415,-7.765415,-10.885415,-9.575415,-8.185415,-5.795415,-5.135415,-4.375415,-2.8354151,-1.815415,0.63458496,3.1745849,4.824585
-7.235415,-7.345415,-7.915415,-11.865415,-5.725415,-0.635415,-3.405415,-1.305415,-8.525415,-5.825415,-1.2454151,0.58458495,4.694585,3.004585,4.704585,0.06458496,1.184585,0.734585,8.004585,10.434585,16.604586,15.234585,14.624585,14.5545845,12.714585,12.964585,10.084585,6.744585,4.954585,5.194585,4.444585,3.6645849,2.4245849,0.78458494,0.15458496,0.89458495,1.314585,1.3745849,1.334585,0.66458493,-0.79541504,-2.125415,-3.535415,-4.655415,-5.175415,-5.665415,-6.9354153,-5.945415,-5.115415,-4.605415,-3.915415,-3.605415,-3.625415,-2.845415,-1.095415,0.69458497,1.264585,2.1745849,2.234585
-7.375415,-7.495415,-8.025415,-10.915415,-6.485415,-2.195415,-3.865415,-2.495415,-5.585415,-4.675415,-2.015415,-0.09541504,-0.22541504,1.694585,-0.04541504,0.46458495,0.27458495,4.624585,7.8145847,11.494585,15.114585,16.244585,14.684585,14.3045845,14.164585,12.024585,10.454585,6.714585,4.0645847,3.304585,2.984585,1.654585,0.674585,0.14458495,0.04458496,0.76458496,0.91458493,0.70458496,0.97458494,1.164585,0.43458498,-0.42541504,-0.825415,-0.80541503,-2.515415,-3.285415,-4.105415,-4.505415,-4.365415,-4.195415,-4.035415,-3.725415,-2.465415,-1.575415,-0.67541504,0.48458496,1.174585,0.994585,3.864585
-6.525415,-7.385415,-7.515415,-9.115415,-8.955415,-5.4554152,-4.895415,-7.145415,-0.46541503,-3.925415,-4.015415,-5.735415,-3.975415,-3.165415,-1.225415,-1.1354151,-0.28541505,1.814585,2.864585,7.414585,9.854585,16.094585,15.574585,14.714585,12.794585,11.444585,8.814585,6.334585,4.104585,2.384585,0.48458496,-0.12541504,-1.545415,-1.595415,-1.435415,-0.625415,0.14458495,1.3745849,1.204585,1.2245849,1.3645849,2.024585,1.774585,0.544585,-0.06541504,-0.505415,-0.945415,-1.2454151,-1.195415,-1.3754151,-1.175415,-0.97541505,-1.945415,-1.6154151,-1.8654151,-0.935415,1.454585,3.264585,3.954585
-6.445415,-6.815415,-7.535415,-7.1854153,-7.105415,-8.055415,-8.805415,-7.9354153,-4.595415,-4.595415,-7.045415,-9.175415,-5.6854153,-1.715415,0.49458495,2.4445848,1.344585,-1.3654151,2.9345849,10.144585,9.324585,14.004585,18.044584,15.884585,12.474585,10.8045845,7.754585,4.474585,3.604585,2.454585,0.42458495,-1.8854151,-2.245415,-2.855415,-2.615415,-2.265415,-1.2754151,-0.015415039,0.744585,1.644585,1.9945849,2.1845849,0.77458495,2.384585,1.8545849,1.294585,0.994585,1.414585,0.544585,-0.765415,-1.915415,-0.41541505,-0.41541505,-0.765415,0.014584961,1.394585,3.154585,4.644585,5.304585
-7.415415,-7.005415,-7.425415,-7.655415,-7.575415,-7.695415,-7.905415,-7.285415,-6.585415,-2.8254151,-6.055415,-7.255415,-4.995415,-3.5854151,2.964585,5.674585,9.624585,2.834585,4.844585,8.884585,11.424585,8.504585,15.784585,19.984585,12.174585,14.0545845,9.454585,4.584585,2.054585,1.524585,0.63458496,-0.875415,-1.325415,-2.045415,-2.3154151,-2.375415,-2.105415,-0.935415,0.12458496,0.13458496,1.434585,0.71458495,0.794585,0.11458496,-1.915415,1.204585,4.704585,4.924585,3.714585,2.874585,2.294585,1.454585,1.524585,2.6645849,3.474585,3.504585,3.1845849,2.834585,2.964585
-6.995415,-7.1854153,-7.385415,-7.505415,-7.645415,-8.335415,-8.685415,-8.525415,-8.845415,-5.415415,-5.025415,-4.825415,-3.995415,-2.535415,2.524585,3.4445848,4.354585,5.134585,4.704585,7.524585,8.884585,11.364585,6.914585,16.894585,13.584585,10.324585,7.694585,4.694585,1.284585,0.08458496,0.10458496,-0.46541503,-1.195415,-2.0854151,-2.775415,-3.205415,-2.8254151,-1.965415,-2.385415,-2.695415,-1.855415,0.48458496,0.85458493,-2.785415,0.24458496,2.9345849,3.374585,4.424585,3.6845849,3.494585,3.9445848,3.874585,3.264585,2.284585,2.254585,2.374585,2.224585,2.494585,3.124585
-5.625415,-6.275415,-6.815415,-6.945415,-7.065415,-7.475415,-8.365415,-8.105415,-7.965415,-6.635415,-4.495415,-2.785415,-0.34541503,1.344585,2.644585,3.9345849,4.514585,5.224585,4.454585,6.944585,7.784585,9.114585,2.634585,12.404585,12.244585,9.124585,6.274585,2.704585,1.164585,-0.22541504,-0.26541504,-0.565415,-1.545415,-2.515415,-2.8154151,-2.995415,-2.935415,-2.355415,-2.475415,-2.705415,-1.6354151,0.10458496,-0.97541505,-0.015415039,2.764585,1.9845849,2.804585,3.084585,3.1945848,2.584585,1.9945849,1.424585,1.704585,2.254585,1.8845849,2.284585,3.644585,4.324585,4.524585
-3.5554152,-4.025415,-4.695415,-5.055415,-5.495415,-6.135415,-6.125415,-6.385415,-6.125415,-5.735415,-4.655415,-3.465415,-0.53541505,2.124585,4.344585,3.284585,3.264585,5.394585,1.9745849,4.824585,6.344585,6.404585,2.094585,6.774585,12.794585,8.044585,6.254585,4.844585,2.6945848,1.554585,1.094585,1.034585,-0.23541504,-2.385415,-2.3254151,-2.465415,-2.205415,-2.0754151,-1.795415,-0.40541503,1.664585,2.074585,1.464585,2.294585,2.6745849,1.444585,5.014585,3.974585,1.394585,1.294585,1.074585,1.6245849,2.954585,2.224585,2.9245849,3.964585,4.394585,5.0645847,6.194585
-3.495415,-3.515415,-4.575415,-5.005415,-4.9354153,-5.515415,-5.485415,-5.645415,-5.785415,-5.505415,-4.365415,-2.715415,-1.175415,1.704585,2.584585,3.714585,4.104585,2.344585,2.554585,3.714585,2.524585,4.694585,4.984585,-1.035415,7.104585,8.004585,4.854585,4.384585,3.084585,1.894585,1.194585,0.05458496,-0.49541503,-0.16541503,-1.195415,-1.355415,-1.445415,-0.28541505,1.284585,2.494585,2.514585,2.224585,2.504585,0.52458495,1.0045849,3.534585,3.244585,1.554585,0.77458495,1.7445849,2.814585,3.044585,3.294585,3.224585,4.5645847,5.844585,5.694585,5.984585,5.364585
-3.885415,-4.175415,-3.5654151,-3.715415,-4.145415,-4.335415,-4.885415,-4.7054152,-4.1854153,-3.535415,-2.745415,-2.095415,-2.485415,-1.795415,1.7245849,3.354585,3.1945848,2.574585,3.244585,2.6645849,2.044585,3.574585,7.364585,7.194585,1.264585,8.474585,5.304585,3.354585,2.594585,3.044585,2.134585,0.984585,0.06458496,-0.27541503,-0.40541503,0.12458496,0.60458493,0.06458496,2.004585,3.284585,3.234585,3.074585,2.524585,0.89458495,2.554585,2.404585,1.704585,0.04458496,1.264585,2.264585,2.294585,2.814585,3.094585,4.644585,6.084585,6.014585,5.964585,5.0645847,4.434585
-2.185415,-2.235415,-2.345415,-1.855415,-2.415415,-2.655415,-2.925415,-2.8054152,-3.195415,-3.435415,-3.505415,-3.625415,-3.935415,-2.685415,2.874585,1.4845849,0.674585,3.064585,2.244585,3.784585,4.2945848,4.264585,6.474585,5.554585,3.124585,7.154585,4.5445848,3.404585,2.224585,3.744585,3.654585,2.364585,1.554585,1.644585,1.144585,-0.055415038,-0.085415035,1.414585,2.824585,3.6645849,4.244585,3.834585,3.074585,1.7345849,1.184585,0.814585,-1.4954151,-0.48541504,0.554585,1.544585,2.4245849,3.644585,4.5645847,6.0645847,5.784585,6.114585,5.514585,4.494585,3.4245849
-1.685415,-0.84541506,-0.955415,-1.0254151,-0.695415,-1.165415,-1.465415,-2.435415,-3.285415,-3.515415,-4.055415,-4.725415,-4.505415,-2.5654151,-3.135415,2.654585,-0.565415,-0.43541503,2.634585,2.264585,4.634585,4.664585,5.554585,3.124585,3.144585,4.474585,3.084585,3.014585,3.044585,3.894585,3.4345849,1.9745849,0.814585,0.14458495,-0.11541504,-0.26541504,0.49458495,2.314585,3.994585,5.234585,5.734585,4.034585,2.094585,1.034585,0.32458496,-0.685415,-0.44541505,-0.59541506,0.84458494,2.244585,3.024585,3.824585,5.804585,6.424585,5.744585,6.184585,5.514585,4.034585,2.604585
-0.58541507,-0.47541505,-0.77541506,-0.59541506,-0.61541504,-0.73541504,-1.9954151,-3.205415,-4.025415,-4.745415,-5.325415,-4.275415,-1.955415,-2.875415,-2.3054152,-1.2554151,-0.955415,-1.235415,1.3745849,1.334585,1.914585,2.744585,3.394585,2.094585,0.33458495,2.584585,2.324585,2.6845849,2.304585,1.814585,2.514585,2.884585,1.7545849,-0.07541504,-1.5054151,-1.685415,-1.0154151,2.254585,4.324585,5.034585,0.43458498,2.6745849,0.76458496,-1.535415,-0.92541504,-0.28541505,1.694585,1.074585,0.69458497,1.054585,1.704585,3.834585,5.304585,5.874585,6.024585,6.184585,5.444585,4.074585,2.624585
0.11458496,0.39458495,0.38458496,-0.84541506,-2.165415,-2.625415,-4.145415,-4.405415,-4.345415,-3.355415,-2.455415,-2.205415,-3.3154151,-3.725415,-3.905415,-2.875415,-2.465415,-0.33541504,2.504585,-0.16541503,0.38458496,0.75458497,1.044585,0.984585,-1.1154151,-1.5154151,2.034585,3.064585,1.1345849,1.154585,2.134585,3.594585,3.564585,1.894585,-0.13541503,-1.555415,-0.83541507,0.21458496,2.974585,3.604585,4.094585,2.894585,1.804585,0.814585,0.14458495,0.624585,-0.695415,-0.09541504,1.914585,2.104585,-0.32541505,2.334585,5.104585,5.764585,5.594585,6.174585,5.174585,3.884585,3.244585
0.89458495,2.134585,-0.84541506,-2.795415,-3.705415,-4.595415,-3.965415,-3.415415,-2.255415,-2.155415,-3.145415,-3.925415,-4.065415,-4.855415,-4.805415,-3.885415,-2.935415,-0.37541503,1.5045849,1.064585,2.814585,0.40458497,-1.825415,-0.38541505,-3.195415,-1.555415,-2.045415,1.574585,-0.22541504,-1.705415,2.974585,4.184585,3.224585,1.844585,-1.085415,-1.8954151,-1.305415,1.074585,2.604585,2.644585,3.054585,3.254585,1.764585,1.334585,1.304585,1.7545849,2.4145849,-1.1454151,0.82458496,-1.2654151,0.19458497,1.024585,5.214585,8.174585,6.354585,6.304585,4.894585,4.094585,3.624585
2.574585,-0.07541504,-1.715415,-4.625415,-5.125415,-3.8154151,-2.775415,-2.675415,-3.105415,-3.795415,-4.305415,-4.865415,-5.295415,-5.655415,-5.065415,-4.135415,-3.045415,-0.90541506,0.83458495,3.214585,1.044585,-0.71541506,0.76458496,2.404585,1.524585,2.234585,1.814585,-0.055415038,-2.375415,-4.085415,0.46458495,4.604585,3.594585,1.824585,-0.46541503,-1.695415,-1.7554151,-0.015415039,0.43458498,2.894585,0.564585,2.034585,2.474585,2.774585,2.974585,2.334585,3.4345849,5.334585,3.134585,1.894585,2.254585,0.88458496,2.044585,1.7545849,3.614585,6.204585,3.894585,4.524585,3.6745849
-0.11541504,-1.6154151,-4.015415,-4.215415,-2.895415,-2.425415,-2.505415,-2.915415,-3.0854151,-3.655415,-4.425415,-4.965415,-5.255415,-5.105415,-4.975415,-4.925415,-3.775415,-2.645415,1.1045849,3.954585,1.954585,0.04458496,0.03458496,-1.935415,0.22458497,-0.705415,-0.17541504,-0.60541505,-3.215415,-4.595415,-2.095415,1.204585,2.804585,1.444585,-0.42541504,-2.095415,-1.195415,-1.2554151,0.52458495,1.954585,1.924585,2.104585,2.554585,2.954585,3.994585,5.354585,1.014585,1.694585,3.964585,2.284585,0.23458496,1.314585,-0.89541507,-0.695415,3.574585,4.7945848,3.324585,1.274585,2.604585
-0.83541507,-2.545415,-2.505415,-2.135415,-1.665415,-1.6154151,-1.805415,-2.3354151,-2.675415,-3.225415,-3.865415,-4.255415,-4.755415,-5.125415,-5.595415,-5.915415,-5.475415,-2.795415,3.4345849,3.354585,2.024585,2.534585,2.104585,-0.11541504,-0.77541506,1.4845849,2.144585,-1.6254151,-2.275415,-10.965415,-6.065415,-3.5654151,-0.085415035,2.094585,-1.5054151,-3.685415,-2.715415,-1.6354151,-0.28541505,1.7345849,1.6045849,1.704585,2.1745849,2.1745849,2.4245849,3.524585,3.6745849,2.994585,3.094585,2.714585,2.634585,2.464585,1.784585,1.2245849,3.824585,3.6945848,4.124585,3.964585,3.494585
-1.225415,-1.5254151,-1.0254151,-0.89541507,-0.41541505,-0.83541507,-1.5054151,-1.8754151,-2.435415,-2.715415,-3.0554152,-3.775415,-4.575415,-5.495415,-6.885415,-7.325415,-6.555415,-0.77541506,4.074585,3.214585,4.634585,4.594585,4.324585,1.714585,-1.2454151,-3.0654151,-3.3054152,0.39458495,0.08458496,-6.095415,-4.575415,-2.705415,-4.745415,1.074585,-0.97541505,-3.8154151,-2.635415,-0.36541504,1.344585,0.58458495,0.90458494,1.044585,0.89458495,1.9845849,2.004585,3.304585,3.584585,3.274585,2.254585,2.094585,2.604585,3.034585,3.1845849,2.634585,3.024585,3.394585,3.794585,3.9445848,3.654585
-0.79541504,-0.885415,-0.33541504,-0.27541503,-0.67541504,-0.71541506,-1.535415,-2.195415,-2.0654151,-2.415415,-3.345415,-4.305415,-5.395415,-7.035415,-7.965415,-8.455415,-5.4554152,2.254585,3.4345849,4.484585,5.534585,5.654585,5.994585,3.754585,-1.0254151,-4.395415,-2.985415,-3.875415,-9.265415,-1.7754151,0.984585,-0.07541504,1.684585,-2.955415,-2.285415,-4.315415,-4.115415,-2.5854151,-1.925415,-3.355415,-1.555415,-0.61541504,0.35458496,1.314585,1.454585,1.8745849,2.264585,3.284585,3.744585,3.6945848,3.614585,3.6745849,3.614585,3.604585,3.554585,3.554585,3.884585,3.4145849,4.094585
-1.095415,-0.34541503,-0.38541505,-0.49541503,-0.26541504,-1.055415,-1.195415,-1.805415,-2.285415,-2.955415,-3.545415,-4.825415,-6.235415,-6.925415,-8.015415,-8.165415,-2.295415,2.104585,3.134585,4.664585,4.394585,4.394585,4.734585,2.984585,-0.06541504,-4.035415,-5.045415,-5.735415,-1.8754151,2.464585,2.294585,1.094585,1.184585,-2.435415,-5.475415,-2.155415,-2.0554152,-4.675415,-3.8054152,-3.765415,-2.525415,-1.955415,-1.1254151,-0.27541503,0.874585,0.864585,1.644585,2.864585,3.904585,4.444585,4.514585,4.554585,4.434585,4.234585,3.954585,3.274585,2.464585,2.644585,3.1745849
-0.58541507,-1.325415,-0.37541503,-0.14541504,-0.53541505,-0.625415,-0.875415,-1.5254151,-2.595415,-2.785415,-3.685415,-4.985415,-5.9554152,-6.655415,-6.805415,-5.735415,-1.215415,0.994585,3.214585,2.6845849,3.064585,4.204585,4.5645847,1.6345849,-1.795415,-4.325415,-3.215415,-3.135415,2.144585,2.254585,1.924585,0.25458497,0.094584964,-3.505415,-4.265415,-5.1854153,-5.895415,-3.3254151,-6.575415,-5.895415,-5.045415,-4.105415,-2.695415,-1.965415,-1.585415,-0.79541504,1.414585,2.234585,2.904585,3.814585,5.964585,6.954585,5.644585,4.124585,4.124585,3.374585,2.814585,1.814585,2.154585
