webapp0823/web/display/20180420gfs.json
{"header": {"discipline":0,"disciplineName":"Meteorological products","gribEdition":2,"gribLength":76497,"center":7,"centerName":"US National Weather Service - NCEP(WMC)","subcenter":0,"refTime":"2018-04-20T00:00:00.000Z","significanceOfRT":1,"significanceOfRTName":"Start of forecast","productStatus":0,"productStatusName":"Operational products","productType":1,"productTypeName":"Forecast products","productDefinitionTemplate":0,"productDefinitionTemplateName":"Analysis/forecast at horizontal level/layer at a point in time","parameterCategory":2,"parameterCategoryName":"Momentum","parameterNumber":2,"parameterNumberName":"U-component_of_wind","parameterUnit":"m.s-1","genProcessType":2,"genProcessTypeName":"Forecast","forecastTime":18,"surface1Type":100,"surface1TypeName":"Isobaric surface","surface1Value":85000.0,"surface2Type":255,"surface2TypeName":"Missing","surface2Value":0.0,"gridDefinitionTemplate":0,"gridDefinitionTemplateName":"Latitude_Longitude","numberPoints":65160,"shape":6,"shapeName":"Earth spherical with radius of 6,371,229.0 m","gridUnits":"degrees","resolution":48,"winds":"true","scanMode":0,"nx":360,"ny":181,"basicAngle":0,"lo1":0.0,"la1":90.0,"lo2":359.0,"la2":-90.0,"dx":1.0,"dy":1.0}, "data":
[rows 78 to 103 of 181, columns 0 to 58 of 360]
-1.5187671,-3.128767,-3.108767,-2.6887672,-1.8687671,-0.3887671,0.15123291,1.3612329,1.2312329,-2.658767,-3.798767,-3.6787672,-2.638767,-0.6687671,-1.9887671,-4.3687673,-3.028767,-2.9987671,-2.568767,-2.278767,-0.5487671,-1.1387671,-0.7387671,1.4212329,-3.618767,-4.1387672,-0.9687671,-0.02876709,1.1712329,0.8512329,-1.218767,0.18123291,0.7112329,2.911233,3.361233,2.2912328,5.601233,1.0712329,-1.4287671,-3.348767,-1.708767,-2.9687672,-4.978767,-6.748767,-7.428767,-7.068767,-6.358767,-6.448767,-5.068767,-3.4487672,-3.098767,-4.498767,-5.068767,-5.728767,-6.318767,-4.978767,-4.738767,-4.648767,-4.628767
-0.30876708,0.6012329,-0.1387671,-0.42876709,-2.168767,0.2712329,2.121233,0.6012329,1.4312329,-4.268767,-5.398767,-1.7487671,-2.128767,-1.218767,-3.148767,0.7112329,-2.858767,-1.9187671,-1.0587671,-3.028767,-0.8987671,-0.8687671,0.7312329,-0.9087671,-0.6587671,-1.3287671,-0.9087671,-1.3287671,2.581233,0.8212329,0.1912329,-0.33876708,-2.7187672,1.901233,4.1912327,4.721233,6.6512327,1.7612329,0.7812329,-1.9487671,0.6512329,-6.978767,-5.178767,-6.338767,-4.6387672,-4.418767,-3.018767,-2.808767,-2.578767,-1.958767,-2.338767,-3.6787672,-5.418767,-6.458767,-6.0987673,-5.628767,-5.878767,-5.878767,-5.3687673
-1.8187671,-0.05876709,0.5412329,1.1112329,2.2712328,2.681233,1.3712329,5.081233,8.351233,1.1112329,-4.648767,-1.0287671,4.3612328,2.731233,-3.058767,-0.9287671,-1.098767,-2.588767,-2.058767,-2.4787672,-2.4687672,0.5912329,-0.9087671,0.17123291,-3.358767,1.4712329,-2.078767,0.35123292,0.4212329,0.8212329,-0.8587671,-1.2787671,1.2512329,3.2512329,3.901233,3.7912328,3.961233,0.9112329,-0.6487671,-1.358767,0.8412329,-1.6887671,-2.858767,-2.898767,-0.7787671,-2.278767,-0.33876708,0.6812329,-6.488767,-7.3487673,-7.398767,-4.688767,-5.768767,-6.6387672,-7.1187673,-7.0787673,-6.398767,-6.408767,-5.518767
0.4312329,1.8012329,4.141233,3.7712328,1.7612329,6.581233,5.071233,0.5912329,3.871233,0.10123291,0.15123291,1.1712329,3.091233,0.67123294,-0.07876709,4.811233,-2.898767,-1.0387671,-0.82876706,-1.9087671,0.8412329,3.0012329,3.611233,-1.5787671,-2.2187672,-0.9187671,-1.9487671,-0.3787671,0.3312329,1.1112329,0.13123292,-3.4487672,3.851233,4.601233,5.1112328,2.5512328,0.8912329,-1.7687671,-2.4787672,-2.538767,-2.648767,-0.8187671,-1.0287671,-1.2387671,-2.918767,-1.2987671,-5.288767,-3.658767,-4.8887672,-6.028767,-4.6387672,-3.9887671,-5.358767,-6.648767,-7.488767,-7.038767,-7.1387672,-6.198767,-5.568767
3.5412328,1.7212329,2.931233,2.5312328,5.751233,3.5412328,1.6312329,-0.03876709,3.441233,4.351233,2.461233,3.171233,1.6712329,0.9412329,-0.03876709,5.791233,-3.1887672,-1.3187671,1.3812329,-2.7087672,1.041233,1.411233,5.521233,5.471233,-0.88876706,1.271233,-1.3287671,-0.36876708,-0.7487671,2.231233,-2.9987671,-1.468767,1.9912329,3.231233,6.051233,0.5012329,1.2012329,-2.398767,-2.808767,-3.2587671,0.5812329,-2.628767,-1.6887671,-1.6187671,-5.418767,-2.6987672,-1.1887671,-3.4487672,-4.538767,-2.598767,-4.3287673,-3.898767,-5.628767,-6.248767,-6.048767,-6.568767,-6.748767,-5.968767,-4.648767
-1.0687671,2.151233,2.5412328,1.401233,3.191233,3.7512329,2.121233,3.8012328,4.501233,6.841233,6.831233,-3.128767,1.281233,0.06123291,1.791233,3.681233,-4.5987673,-2.4287672,-0.23876709,-0.4487671,0.23123291,1.9412329,2.631233,5.041233,2.5512328,2.421233,4.351233,-4.5987673,3.231233,1.1112329,-3.368767,-0.00876709,-0.1387671,2.161233,4.1912327,-0.5187671,-0.2687671,-1.7487671,1.8312329,-3.608767,-0.4587671,-2.668767,-2.318767,-2.788767,-1.4987671,-5.018767,-3.088767,-5.008767,0.3412329,-2.1987672,-3.318767,-3.4987671,-4.488767,-5.458767,-5.168767,-5.418767,-5.668767,-5.3287673,-4.608767
0.6412329,2.141233,1.3212329,2.651233,-0.3287671,1.3312329,3.891233,5.1312327,4.331233,6.411233,1.7312329,-2.828767,-0.04876709,0.35123292,3.0612328,1.6012329,2.231233,0.7012329,0.5612329,0.35123292,0.10123291,2.721233,-0.08876709,3.5212328,-1.588767,0.5812329,4.411233,4.1912327,-0.4187671,-1.6487671,-2.548767,-0.14876708,-0.7887671,-2.7087672,0.2712329,-2.2287672,-0.36876708,-0.7387671,-2.338767,1.0112329,-2.268767,-2.668767,-2.778767,-1.5287671,-2.128767,-3.2587671,-3.078767,-2.628767,1.7612329,-0.5487671,-2.048767,-3.7187672,-2.168767,-3.078767,-3.9587672,-4.668767,-4.738767,-4.3887672,-4.158767
2.151233,0.4912329,-0.7887671,-1.708767,-0.5387671,0.6212329,0.5712329,2.8112328,2.081233,1.6312329,1.0512329,5.501233,2.5612328,5.8612328,2.641233,3.181233,1.5612329,1.3612329,0.9812329,2.0012329,2.931233,1.9412329,-0.3787671,0.86123294,-0.2487671,0.9612329,2.201233,4.661233,2.921233,-2.858767,-2.088767,-1.0087671,2.331233,-6.3087673,-2.9887671,-1.9887671,-4.408767,-4.258767,-5.318767,-3.858767,-3.4987671,-4.728767,-1.2387671,-0.03876709,-0.3187671,-1.9187671,-3.038767,-0.2887671,2.481233,1.7412329,0.7512329,-1.7987671,-2.278767,-2.418767,-2.5087671,-2.778767,-4.038767,-4.188767,-3.298767
-3.078767,-5.898767,-4.168767,-4.5587673,-4.448767,-2.898767,-1.4087671,-1.0287671,1.2412329,0.04123291,0.9812329,3.481233,3.5512328,2.831233,1.5912329,0.3712329,2.201233,1.7312329,2.701233,1.7312329,0.3712329,-1.4287671,1.9612329,0.8212329,-1.1187671,-0.7787671,0.7512329,3.0312328,3.701233,2.081233,-6.278767,2.421233,-2.048767,-0.6087671,-2.518767,-2.848767,-5.748767,-8.328767,-5.398767,-5.018767,-2.408767,-1.2887671,-1.1187671,0.6512329,1.6212329,3.081233,1.141233,1.4412329,3.581233,3.721233,4.261233,2.701233,0.31123292,-0.3787671,-1.3087671,-1.6787671,-1.9987671,-3.568767,-3.378767
-3.318767,-3.088767,-2.918767,-2.768767,-2.358767,-2.848767,-0.4587671,2.4912329,3.161233,3.2512329,4.211233,5.551233,3.7912328,2.5712328,2.5312328,2.581233,1.9512329,0.7012329,3.371233,1.651233,-0.18876709,1.791233,2.921233,-0.17876709,0.0012329102,0.4312329,-0.20876709,1.3612329,2.7812328,4.501233,1.6812329,-4.588767,-3.918767,-1.6687671,-0.7687671,-1.2687671,-3.348767,-6.738767,-6.258767,-2.6787672,-2.048767,-0.8987671,0.32123291,-0.5387671,2.411233,3.441233,4.451233,3.381233,3.451233,5.701233,4.841233,4.701233,3.7912328,2.0012329,0.8412329,0.09123291,-1.0487671,-1.608767,-1.468767
-2.608767,-1.5487671,1.4412329,1.9912329,1.891233,1.4212329,4.491233,4.1912327,4.481233,4.1512327,4.801233,5.731233,3.981233,2.7712328,1.1312329,2.3112328,0.8412329,1.1012329,2.5612328,0.7112329,1.9612329,1.8512329,2.901233,0.28123292,-0.9387671,2.591233,0.21123292,1.9212329,2.851233,2.441233,-2.398767,-1.4487671,-4.8087673,-1.9487671,-0.8787671,-0.6487671,-0.6287671,-3.298767,-3.168767,-3.4587672,-2.068767,0.4012329,1.8812329,3.8112328,3.641233,2.8112328,3.401233,3.7812328,4.601233,5.301233,3.941233,5.071233,5.1112328,3.921233,3.091233,1.7212329,0.9512329,-0.2487671,0.7912329
0.5112329,2.2412329,2.831233,0.5112329,1.281233,3.081233,4.641233,4.8612328,4.811233,4.071233,4.851233,4.551233,2.931233,3.5012329,3.231233,2.191233,0.8712329,1.7012329,2.5512328,1.2312329,1.0612329,2.3112328,4.491233,2.481233,-0.20876709,0.7912329,0.5712329,-0.3587671,2.3112328,-3.4887671,2.441233,2.8112328,-4.128767,-1.0187671,-2.318767,1.1112329,-0.3187671,-1.1587671,-3.788767,-1.1987671,-1.6787671,-0.27876708,3.8112328,3.931233,5.1712327,6.121233,6.6312327,5.9412327,6.6712327,6.1912327,5.821233,5.571233,5.201233,5.641233,5.531233,2.7912328,2.7712328,1.8012329,1.901233
0.13123292,0.4812329,1.6212329,1.4412329,2.341233,3.0112329,4.071233,4.311233,3.861233,3.111233,1.9212329,5.471233,3.121233,3.7612329,1.8512329,3.101233,-0.30876708,1.6212329,1.6712329,0.9312329,1.8012329,1.3512329,0.7812329,0.5412329,1.2212329,0.9412329,0.5712329,0.32123291,2.0112329,-0.57876706,0.4912329,-2.328767,-1.0787671,-1.7787671,1.1312329,-1.3187671,-0.7387671,-1.0587671,0.5912329,0.18123291,1.4312329,3.0612328,3.461233,5.241233,7.271233,8.001233,7.9412327,8.041233,7.431233,6.791233,6.641233,6.4012327,6.1712327,6.6112328,5.761233,3.871233,3.5012329,3.0612328,3.5712328
2.2612329,-0.00876709,-0.2287671,1.1012329,0.9612329,1.8512329,2.841233,2.701233,3.2812328,1.9712329,1.2212329,3.721233,3.141233,3.881233,0.4012329,2.231233,1.8612329,1.281233,0.9312329,0.3912329,0.55123293,0.7112329,1.9912329,2.2612329,0.80123293,1.2612329,1.9412329,0.38123292,-1.5487671,0.0012329102,0.47123292,0.07123291,-1.208767,-0.20876709,1.4912329,-0.8987671,1.0012329,0.35123292,-0.23876709,-0.5887671,2.351233,3.871233,4.991233,6.1912327,7.471233,7.531233,8.061233,7.451233,7.221233,6.971233,7.711233,7.541233,6.781233,6.1912327,7.431233,5.1512327,4.951233,4.981233,4.121233
1.791233,1.2012329,0.5312329,0.1612329,0.02123291,0.21123292,1.3312329,1.8412329,1.2512329,1.1812329,1.3712329,3.681233,2.701233,2.3212328,2.8112328,1.4912329,0.6012329,1.6212329,2.611233,0.02123291,-0.6887671,0.4612329,3.101233,0.08123291,0.9812329,0.7912329,1.6112329,1.6012329,-2.9587672,-0.8387671,1.2612329,1.3012329,0.13123292,0.7712329,1.9212329,-1.0787671,1.0512329,-1.9287671,-7.518767,-1.0087671,2.2812328,2.841233,3.131233,2.721233,3.981233,4.031233,3.2812328,4.041233,4.4212327,5.221233,6.391233,7.241233,7.321233,6.751233,8.051233,7.4012327,7.681233,5.511233,5.341233
2.401233,2.0212328,1.2312329,0.47123292,0.03123291,0.05123291,0.3912329,0.9012329,-0.4087671,0.0012329102,0.9312329,4.4012327,3.2612329,2.141233,4.641233,2.591233,1.8612329,0.55123293,3.581233,0.17123291,3.961233,3.2512329,2.3212328,0.28123292,1.1212329,0.55123293,1.291233,1.6212329,-5.648767,0.55123293,1.1112329,0.5912329,1.7512329,2.2712328,-0.10876709,2.381233,-0.8087671,-1.0587671,-0.8087671,0.25123292,0.4212329,0.7812329,-0.01876709,-0.2287671,0.80123293,2.0212328,0.9412329,1.2512329,2.331233,3.2712328,4.481233,5.001233,5.831233,6.511233,6.821233,6.721233,7.661233,7.471233,6.771233
3.911233,3.361233,2.3012328,2.0012329,1.4612329,1.791233,0.8912329,0.6312329,0.06123291,2.441233,3.161233,6.871233,5.991233,1.4312329,4.701233,4.061233,2.611233,0.6312329,4.871233,3.211233,2.411233,1.7312329,1.151233,0.7712329,0.01123291,0.4812329,2.081233,2.5612328,1.541233,0.09123291,1.8112329,2.151233,1.9212329,0.47123292,0.74123293,-2.518767,-1.1787671,-5.878767,-1.3787671,-0.9887671,-1.5387671,-3.858767,-3.658767,-2.058767,-0.9187671,-0.06876709,0.4212329,0.8912329,1.4312329,1.4212329,2.681233,4.201233,4.971233,5.481233,5.541233,5.481233,5.581233,6.321233,6.661233
5.341233,5.241233,4.791233,4.271233,3.731233,3.091233,1.891233,1.7112329,1.4912329,3.2912328,3.2512329,0.92123294,3.5012329,2.2412329,2.4912329,4.461233,2.9912329,2.131233,2.8212328,1.9512329,1.8212329,2.171233,1.041233,-0.3787671,0.7212329,-0.8987671,1.651233,1.9712329,4.461233,0.6212329,2.091233,1.781233,-0.42876709,-4.5587673,-3.168767,-3.0087671,-3.318767,-5.3887672,-3.668767,-0.9387671,-3.148767,-5.0987673,-5.158767,-4.498767,-2.778767,-1.468767,0.25123292,-0.12876709,1.041233,0.99123293,2.3012328,3.5112329,4.681233,6.211233,5.491233,4.541233,3.8112328,4.6312327,5.031233
5.271233,5.661233,5.681233,5.141233,4.6712327,4.8612328,3.221233,3.591233,4.021233,4.551233,2.101233,1.5812329,4.431233,3.5612328,2.471233,4.781233,3.901233,3.7712328,3.211233,1.6912329,1.9312329,2.681233,1.771233,-0.17876709,0.3312329,-1.968767,-2.338767,0.41123292,2.2412329,0.3612329,0.41123292,-1.208767,-1.1287671,-3.5087671,-1.1387671,-4.038767,-8.088767,-4.268767,-1.8687671,-2.4387672,-3.898767,-5.6387672,-5.068767,-4.528767,-3.668767,-2.868767,-1.6987671,-1.728767,-0.9287671,-0.3787671,-0.4087671,2.331233,7.141233,7.751233,5.9412327,2.2612329,2.421233,3.0112329,3.201233
1.531233,1.8312329,2.131233,1.9712329,1.031233,0.80123293,2.421233,3.201233,5.821233,3.951233,3.0512328,2.211233,0.80123293,2.361233,2.161233,5.101233,3.7912328,2.121233,-0.21876709,1.0812329,2.0612328,1.1712329,-0.2987671,-1.9887671,-0.63876706,-1.5687671,-2.068767,-1.2487671,-1.3887671,-1.8887671,-1.478767,0.07123291,-3.888767,-3.868767,-3.788767,-6.658767,-4.798767,-3.798767,-2.418767,-4.0987673,-3.048767,-4.038767,-4.358767,-4.338767,-3.4587672,-3.598767,-3.828767,-3.2287672,-2.918767,-2.908767,-1.4887671,-1.6687671,-1.1787671,-2.4587672,-2.028767,-1.3987671,-1.9487671,0.02123291,0.3312329
-1.0687671,-1.1387671,-1.228767,-0.2687671,-1.1987671,-1.4187671,-0.5287671,2.131233,3.711233,3.891233,4.1112328,3.841233,2.931233,2.471233,3.711233,4.811233,3.7612329,-0.8687671,-1.3887671,-2.9687672,-3.7287672,-2.898767,-3.168767,-2.4287672,-1.8987671,-2.408767,-0.8987671,-0.9387671,-4.5587673,-2.9887671,1.5612329,-0.08876709,-4.768767,-1.1687671,-4.5787673,-6.528767,-0.2887671,-2.4587672,-3.4487672,-2.9687672,-2.648767,-3.2487671,-4.068767,-3.028767,-3.828767,-4.0787673,-4.508767,-4.358767,-4.3287673,-4.568767,-7.048767,-7.718767,-8.058767,-8.8587675,-6.568767,-4.998767,-3.418767,-2.518767,-2.7487671
-1.588767,-1.5187671,-0.14876708,-0.8387671,-0.03876709,-0.46876708,-2.128767,-1.5087671,0.6512329,2.581233,3.8112328,3.981233,4.051233,3.471233,1.8112329,2.451233,1.791233,-1.3687671,-0.2987671,-5.6187673,-3.518767,-4.0587673,-3.838767,-3.4687672,-3.4487672,-3.268767,-2.578767,-1.7787671,0.09123291,-4.948767,-4.288767,-1.598767,-0.39876708,-2.558767,0.55123293,-2.1987672,-1.8687671,-4.498767,-3.108767,-2.7487671,-2.5087671,-3.6787672,-4.488767,-3.888767,-4.218767,-4.278767,-5.438767,-5.438767,-4.988767,-5.488767,-7.048767,-8.098767,-9.898767,-10.838767,-9.798767,-8.758767,-8.418767,-6.428767,-4.378767
-0.4187671,-0.3887671,-0.88876706,-0.7887671,0.6612329,0.21123292,-0.82876706,-1.6687671,-1.5787671,-0.1387671,1.6312329,2.7812328,1.5612329,-0.21876709,0.2712329,4.871233,2.601233,2.5412328,0.44123292,-5.3887672,-4.678767,-4.8287673,-2.148767,-1.2787671,-2.058767,-3.2187672,-2.318767,-3.538767,-3.118767,-3.068767,-2.028767,-3.098767,-5.408767,-3.888767,-4.708767,-5.5787673,-4.998767,-4.588767,-3.528767,-2.858767,-2.9787672,-4.238767,-5.108767,-3.7287672,-4.3087673,-5.198767,-6.528767,-5.588767,-5.488767,-6.728767,-8.548767,-9.448767,-9.728767,-11.598767,-11.578767,-10.548767,-9.498767,-7.538767,-5.8287673
0.5112329,-0.4587671,-1.1287671,-0.4587671,-0.05876709,0.06123291,-0.06876709,-0.36876708,-0.36876708,0.6912329,1.021233,0.7812329,-0.03876709,-1.2587671,0.9012329,2.2912328,-1.0387671,1.641233,1.3312329,-8.658767,-4.6387672,-1.7787671,-1.6387671,0.55123293,-5.428767,-2.7287672,-2.4887671,-4.258767,-3.1887672,-1.6887671,-6.158767,-7.408767,-1.4487671,-5.458767,-2.2087672,-4.168767,-3.4887671,-4.3087673,-3.638767,-3.398767,-3.9487672,-4.178767,-3.358767,-4.0587673,-3.4487672,-4.908767,-6.438767,-6.588767,-7.568767,-6.208767,-7.918767,-8.878767,-9.498767,-11.008767,-11.808767,-11.148767,-9.8587675,-9.318768,-8.948767
1.0712329,0.6012329,0.6412329,0.13123292,-1.6587671,-1.2587671,-2.1887672,-1.0487671,-0.7187671,-0.8487671,-1.708767,-1.5687671,-2.618767,-2.598767,0.28123292,1.3812329,-1.0487671,0.7212329,-3.838767,-3.0087671,-6.3487673,-3.4387672,-3.9987671,-2.878767,-4.068767,-1.5787671,-4.148767,-4.8687673,-2.038767,-4.408767,-7.148767,-5.858767,-1.1987671,-5.478767,-3.298767,-3.1987672,-4.448767,-3.7587671,-3.4387672,-3.898767,-3.4387672,-2.108767,-3.328767,-3.9387672,-3.058767,-3.038767,-5.918767,-7.958767,-9.008767,-6.788767,-6.778767,-8.048767,-8.038767,-7.718767,-9.588767,-9.798767,-9.278767,-8.418767,-8.1087675
-1.6587671,-2.038767,-1.858767,-3.4587672,-4.538767,-2.9987671,-3.308767,-4.3687673,-4.378767,-4.3887672,-3.338767,-1.8187671,-2.4587672,-0.4087671,2.951233,-0.43876708,-0.6287671,0.4312329,-4.478767,-3.828767,-4.758767,-3.9587672,-6.8487673,-4.3887672,-5.518767,-3.628767,-3.328767,-5.088767,-3.4487672,-6.108767,-6.158767,0.23123291,-2.598767,-6.838767,-5.5587673,-4.108767,-2.368767,-3.138767,-5.358767,-2.9587672,-3.0087671,-1.3187671,-1.8287671,-3.578767,-3.558767,-1.6987671,-4.718767,-7.248767,-8.208767,-7.468767,-6.5587673,-8.138767,-7.488767,-8.1087675,-8.778767,-8.778767,-8.718767,-9.218767,-9.318768
