webapp0823/web/display/20180420gfs.json
{"header": {"discipline":0,"disciplineName":"Meteorological products","gribEdition":2,"gribLength":76497,"center":7,"centerName":"US National Weather Service - NCEP(WMC)","subcenter":0,"refTime":"2018-04-20T00:00:00.000Z","significanceOfRT":1,"significanceOfRTName":"Start of forecast","productStatus":0,"productStatusName":"Operational products","productType":1,"productTypeName":"Forecast products","productDefinitionTemplate":0,"productDefinitionTemplateName":"Analysis/forecast at horizontal level/layer at a point in time","parameterCategory":2,"parameterCategoryName":"Momentum","parameterNumber":2,"parameterNumberName":"U-component_of_wind","parameterUnit":"m.s-1","genProcessType":2,"genProcessTypeName":"Forecast","forecastTime":18,"surface1Type":100,"surface1TypeName":"Isobaric surface","surface1Value":85000.0,"surface2Type":255,"surface2TypeName":"Missing","surface2Value":0.0,"gridDefinitionTemplate":0,"gridDefinitionTemplateName":"Latitude_Longitude","numberPoints":65160,"shape":6,"shapeName":"Earth spherical with radius of 6,371,229.0 m","gridUnits":"degrees","resolution":48,"winds":"true","scanMode":0,"nx":360,"ny":181,"basicAngle":0,"lo1":0.0,"la1":90.0,"lo2":359.0,"la2":-90.0,"dx":1.0,"dy":1.0}, "data":
[rows 78 to 103 of 181, columns 177 to 235 of 360]
-8.078767,-7.468767,-8.088767,-7.998767,-8.078767,-8.798767,-9.088767,-9.818768,-10.978767,-9.048767,-8.1087675,-6.918767,-5.968767,-6.018767,-7.318767,-4.498767,-4.8487673,-5.358767,-8.598767,-11.908767,-12.238767,-11.418767,-11.038767,-10.848767,-10.648767,-10.898767,-11.3587675,-12.158767,-12.098767,-12.008767,-11.558767,-11.328767,-10.978767,-11.1087675,-11.048767,-11.238767,-11.278767,-11.438767,-11.818768,-11.768767,-11.178767,-10.458767,-10.408767,-9.598767,-9.128767,-8.788767,-9.748767,-10.068768,-10.898767,-10.438767,-10.218767,-11.088767,-11.758767,-11.168767,-9.848767,-10.578767,-10.258767,-11.248767,-7.798767
-6.288767,-6.528767,-6.8687673,-7.3087673,-7.8087673,-7.648767,-7.1187673,-5.548767,-5.268767,-5.278767,-5.658767,-5.178767,-4.5987673,-3.9887671,-6.928767,-8.398767,-8.908767,-11.6087675,-10.788767,-12.698767,-11.368767,-10.668767,-10.498767,-10.048767,-10.078767,-10.648767,-11.578767,-12.068768,-12.448767,-12.968767,-13.748767,-14.288767,-14.598767,-14.338767,-13.678767,-13.058767,-12.708767,-12.468767,-12.398767,-12.968767,-13.088767,-11.868767,-12.708767,-12.968767,-12.928767,-13.508767,-13.128767,-13.388767,-13.488767,-13.428767,-12.788767,-12.218767,-11.678767,-11.468767,-12.068768,-12.078767,-12.428767,-11.878767,-10.508767
-4.698767,-5.278767,-5.458767,-5.418767,-5.508767,-5.428767,-4.668767,-3.808767,-4.1187673,-3.828767,-3.078767,-2.068767,-1.4187671,-0.5987671,2.471233,-4.478767,-3.068767,-4.068767,-4.278767,-5.448767,-6.428767,-6.8487673,-8.3587675,-9.1087675,-9.698767,-9.958767,-11.128767,-11.718767,-12.418767,-13.258767,-13.828767,-14.528767,-14.958767,-14.778767,-14.548767,-14.088767,-13.538767,-13.458767,-13.588767,-13.908767,-13.908767,-14.968767,-15.308767,-15.1087675,-15.788767,-16.208767,-15.6087675,-15.008767,-13.848767,-12.488767,-12.118767,-12.468767,-11.708767,-10.628767,-9.258767,-8.348767,-8.518767,-8.388767,-8.158767
-3.418767,-2.838767,-4.018767,-4.168767,-3.378767,-3.7387671,-2.618767,-2.808767,-3.4487672,-4.738767,-5.978767,-4.998767,-3.768767,-2.9487672,-1.858767,-3.4387672,-4.028767,-4.428767,-4.728767,-7.398767,-7.458767,-7.678767,-8.648767,-9.088767,-9.178767,-9.598767,-10.218767,-10.508767,-11.418767,-12.628767,-13.638767,-14.278767,-15.518767,-15.178767,-14.868767,-14.578767,-14.568768,-14.188767,-14.418767,-14.388767,-14.238767,-14.548767,-15.3587675,-15.848767,-15.368767,-14.688767,-14.278767,-14.078767,-13.688767,-12.938767,-11.3587675,-10.438767,-9.368767,-7.588767,-6.5987673,-6.5987673,-6.418767,-6.8487673,-7.108767
-2.7287672,-2.638767,-2.538767,-2.1987672,-2.1887672,-2.058767,-2.7587671,-3.778767,-4.728767,-5.018767,-5.288767,-6.378767,-5.468767,-4.718767,-4.508767,-4.668767,-5.5987673,-7.0587673,-7.8887672,-8.138767,-8.148767,-8.278767,-8.248767,-9.098767,-9.148767,-9.418767,-9.478767,-10.128767,-11.198767,-11.968767,-12.878767,-13.968767,-14.098767,-14.398767,-14.438767,-14.058767,-14.318768,-14.768767,-15.218767,-15.288767,-14.968767,-14.748767,-14.3587675,-14.308767,-14.328767,-14.258767,-13.798767,-12.658767,-10.938767,-9.468767,-8.658767,-7.928767,-6.8887672,-6.148767,-6.3687673,-7.208767,-7.528767,-7.8487673,-7.508767
-4.378767,-3.338767,-2.848767,-2.2187672,-2.158767,-1.588767,-2.2087672,-3.338767,-4.398767,-6.1387672,-7.948767,-7.8287673,-9.178767,-9.418767,-9.508767,-9.018767,-9.678767,-10.198767,-10.868767,-11.168767,-11.548767,-10.638767,-9.848767,-9.278767,-8.8587675,-9.078767,-9.348767,-10.068768,-10.958767,-11.778767,-11.718767,-12.198767,-12.398767,-12.728767,-13.598767,-13.838767,-14.038767,-14.378767,-14.978767,-15.248767,-14.888767,-15.058767,-14.618767,-14.248767,-13.768767,-12.548767,-10.918767,-9.818768,-8.888767,-8.1087675,-7.358767,-6.3887672,-6.018767,-6.678767,-6.418767,-6.498767,-5.968767,-7.278767,-7.3487673
-3.9687672,-5.758767,-5.238767,-4.508767,-3.5087671,-2.418767,-2.018767,-3.308767,-7.478767,-9.678767,-9.908767,-9.798767,-9.848767,-10.168767,-10.958767,-11.648767,-12.388767,-11.818768,-10.978767,-12.088767,-12.658767,-13.958767,-11.748767,-11.278767,-10.258767,-10.008767,-9.768767,-9.928767,-9.828767,-10.368767,-11.438767,-11.758767,-12.198767,-13.3587675,-13.808767,-14.488767,-15.008767,-15.188767,-15.188767,-15.068768,-14.788767,-14.3587675,-13.688767,-12.728767,-11.768767,-11.278767,-10.208767,-9.168767,-8.438767,-7.208767,-7.3287673,-7.978767,-7.908767,-7.818767,-7.238767,-7.798767,-8.738767,-8.3587675,-7.718767
-3.128767,-4.158767,-5.048767,-5.468767,-5.298767,-4.1387672,-3.578767,-6.998767,-10.008767,-10.238767,-10.978767,-10.468767,-11.368767,-11.738767,-11.248767,-10.088767,-10.718767,-10.058767,-10.048767,-11.168767,-11.348767,-12.778767,-13.3587675,-13.778767,-14.558767,-14.568768,-14.3587675,-14.1087675,-13.198767,-11.888767,-10.838767,-11.348767,-11.598767,-12.388767,-13.218767,-14.3587675,-14.928767,-15.278767,-15.3587675,-15.038767,-14.258767,-13.458767,-12.418767,-11.408767,-10.848767,-10.328767,-9.978767,-8.998767,-8.698767,-9.158767,-8.788767,-9.738767,-10.788767,-10.758767,-9.378767,-8.678767,-8.848767,-9.058767,-8.138767
-3.2287672,-5.1387672,-5.548767,-5.478767,-5.668767,-4.8887672,-6.508767,-8.568768,-9.648767,-9.848767,-8.928767,-10.978767,-11.498767,-12.168767,-11.388767,-12.708767,-13.808767,-12.438767,-11.1087675,-11.458767,-11.208767,-11.218767,-12.688767,-12.548767,-12.788767,-12.338767,-13.288767,-14.1087675,-15.178767,-13.3587675,-12.758767,-12.418767,-12.418767,-12.648767,-13.448767,-14.348767,-14.348767,-14.458767,-14.658767,-14.098767,-13.198767,-12.198767,-11.328767,-10.918767,-10.408767,-9.568768,-10.238767,-9.428767,-9.828767,-11.018767,-10.548767,-9.738767,-9.038767,-9.198767,-9.868767,-9.008767,-10.398767,-10.958767,-10.618767
-3.548767,-4.898767,-6.1187673,-7.658767,-7.588767,-4.898767,-6.838767,-8.638767,-10.078767,-10.028767,-9.718767,-9.638767,-12.048767,-11.918767,-11.248767,-11.878767,-12.908767,-13.618767,-14.598767,-14.348767,-13.788767,-13.708767,-13.188767,-13.158767,-13.048767,-13.878767,-14.628767,-15.008767,-15.918767,-16.928766,-16.628767,-15.188767,-14.258767,-14.038767,-13.868767,-13.788767,-14.278767,-14.368767,-13.908767,-13.148767,-12.6087675,-11.868767,-11.198767,-10.918767,-10.668767,-11.3587675,-11.728767,-12.448767,-12.228767,-11.578767,-10.008767,-10.448767,-10.498767,-10.6087675,-10.588767,-9.758767,-11.168767,-11.278767,-10.078767
-4.428767,-5.528767,-6.718767,-7.038767,-5.968767,-6.438767,-7.198767,-8.788767,-10.408767,-10.8587675,-9.448767,-9.458767,-10.678767,-11.988767,-12.258767,-12.258767,-12.298767,-12.188767,-12.458767,-12.298767,-12.378767,-13.238767,-14.278767,-14.778767,-16.208767,-16.538767,-17.148767,-17.488768,-17.728767,-17.878767,-17.628767,-17.338768,-16.588768,-15.698767,-15.438767,-14.788767,-14.498767,-13.888767,-13.188767,-12.538767,-12.048767,-12.328767,-13.118767,-13.538767,-13.738767,-13.648767,-13.498767,-12.928767,-12.008767,-11.8587675,-11.208767,-10.768767,-10.398767,-10.458767,-10.268767,-10.708767,-11.768767,-11.408767,-10.688767
-4.708767,-6.048767,-7.278767,-7.398767,-8.368767,-10.448767,-10.978767,-10.098767,-11.208767,-11.208767,-10.288767,-10.008767,-8.628767,-10.918767,-11.518767,-12.178767,-11.788767,-11.658767,-11.8587675,-13.308767,-14.868767,-14.338767,-14.958767,-16.238768,-16.538767,-16.918768,-17.848766,-18.198767,-18.668768,-18.568768,-18.418768,-18.028767,-17.268766,-16.628767,-16.058767,-15.728767,-15.508767,-15.328767,-15.328767,-15.018767,-15.118767,-15.118767,-15.048767,-14.6087675,-14.678767,-14.038767,-13.538767,-13.288767,-12.838767,-12.558767,-12.068768,-11.428767,-10.668767,-10.118767,-10.148767,-11.078767,-11.818768,-11.678767,-11.3587675
-5.628767,-6.448767,-8.768767,-10.458767,-11.678767,-12.388767,-12.698767,-12.1087675,-12.178767,-12.548767,-11.368767,-10.078767,-9.048767,-9.828767,-11.418767,-11.348767,-11.498767,-11.768767,-12.218767,-11.768767,-13.078767,-14.668767,-15.318768,-15.178767,-15.178767,-15.648767,-16.608767,-17.108767,-17.148767,-17.058767,-17.528767,-18.098766,-17.308767,-17.188766,-16.748768,-16.448767,-16.338768,-16.258766,-15.718767,-15.488767,-15.388767,-15.278767,-15.218767,-15.138767,-15.1087675,-14.3587675,-13.768767,-13.368767,-13.228767,-12.708767,-12.398767,-11.408767,-10.708767,-10.368767,-10.118767,-11.388767,-12.218767,-12.038767,-11.898767
-5.408767,-7.568767,-9.128767,-9.688767,-10.418767,-10.598767,-12.018767,-11.798767,-11.408767,-12.638767,-12.038767,-10.048767,-9.568768,-9.588767,-11.178767,-12.198767,-11.508767,-12.088767,-13.518767,-13.308767,-11.758767,-12.338767,-13.258767,-13.518767,-12.738767,-13.908767,-14.178767,-14.018767,-13.878767,-13.988767,-14.128767,-14.1087675,-14.568768,-16.148767,-16.358767,-16.438766,-16.308767,-15.788767,-15.3587675,-15.198767,-15.118767,-15.098767,-15.068768,-14.598767,-14.008767,-14.328767,-13.708767,-13.928767,-13.648767,-13.128767,-12.618767,-11.708767,-10.338767,-10.648767,-11.228767,-11.598767,-12.618767,-12.638767,-12.458767
-5.658767,-7.608767,-8.438767,-8.208767,-7.658767,-7.948767,-8.208767,-8.558767,-10.258767,-10.818768,-11.018767,-11.508767,-10.948767,-10.438767,-11.3587675,-11.848767,-11.848767,-12.878767,-12.688767,-13.668767,-13.808767,-13.448767,-13.758767,-13.688767,-13.278767,-12.558767,-12.3587675,-11.708767,-11.798767,-12.258767,-13.038767,-14.198767,-13.988767,-14.038767,-15.148767,-15.678767,-15.488767,-15.178767,-14.558767,-14.148767,-14.038767,-13.538767,-13.888767,-13.448767,-12.888767,-13.768767,-13.588767,-13.548767,-13.848767,-13.378767,-12.458767,-11.298767,-9.718767,-10.658767,-12.168767,-12.158767,-12.438767,-12.778767,-12.138767
-5.938767,-7.738767,-7.258767,-7.0987673,-7.408767,-7.6187673,-7.818767,-8.198767,-8.988767,-10.268767,-10.938767,-10.708767,-11.038767,-9.318768,-11.928767,-12.188767,-12.068768,-12.518767,-12.868767,-13.218767,-13.618767,-13.398767,-13.188767,-13.088767,-12.938767,-13.308767,-13.558767,-13.158767,-13.228767,-13.328767,-13.728767,-13.758767,-13.888767,-13.788767,-12.968767,-12.248767,-13.058767,-13.768767,-13.808767,-13.3587675,-12.798767,-13.078767,-13.778767,-13.868767,-13.678767,-12.938767,-11.698767,-12.138767,-12.098767,-11.698767,-11.078767,-10.898767,-9.908767,-10.518767,-12.048767,-12.708767,-12.658767,-11.948767,-11.568768
-5.548767,-6.788767,-6.738767,-6.698767,-6.608767,-7.228767,-7.938767,-9.448767,-10.878767,-10.738767,-10.278767,-10.568768,-11.138767,-11.668767,-12.658767,-11.658767,-12.298767,-12.068768,-12.478767,-13.018767,-13.078767,-12.838767,-12.708767,-12.138767,-11.958767,-11.998767,-12.508767,-12.628767,-12.958767,-12.508767,-13.098767,-13.678767,-13.328767,-13.568768,-13.258767,-13.478767,-13.948767,-12.188767,-13.238767,-13.378767,-13.328767,-13.278767,-13.188767,-13.968767,-14.068768,-12.558767,-11.528767,-10.788767,-11.1087675,-11.258767,-11.388767,-10.958767,-10.788767,-10.978767,-11.978767,-12.378767,-12.238767,-12.438767,-11.888767
-5.378767,-5.928767,-6.3487673,-6.658767,-5.8687673,-6.608767,-8.6087675,-9.618767,-9.008767,-9.668767,-10.368767,-10.058767,-9.998767,-11.158767,-11.538767,-11.658767,-11.308767,-11.538767,-11.318768,-11.778767,-12.028767,-11.928767,-12.188767,-12.1087675,-11.588767,-10.908767,-10.048767,-10.998767,-10.958767,-10.948767,-12.418767,-13.658767,-12.938767,-13.038767,-13.418767,-13.478767,-13.078767,-12.838767,-11.538767,-12.348767,-12.028767,-10.508767,-12.3587675,-12.748767,-11.718767,-12.138767,-12.318768,-9.628767,-10.688767,-10.728767,-11.018767,-11.518767,-11.158767,-11.448767,-12.798767,-12.918767,-11.418767,-11.828767,-11.878767
-5.6387672,-5.458767,-5.8487673,-5.8287673,-6.378767,-7.378767,-9.788767,-8.418767,-7.318767,-6.588767,-8.898767,-9.908767,-10.188767,-10.148767,-10.808767,-10.818768,-10.828767,-10.638767,-10.208767,-10.778767,-10.678767,-10.808767,-10.728767,-9.548767,-9.048767,-8.768767,-9.748767,-10.3587675,-10.428767,-11.098767,-12.018767,-13.208767,-12.708767,-12.328767,-12.218767,-12.298767,-12.428767,-12.928767,-12.178767,-11.398767,-11.078767,-11.308767,-12.288767,-12.098767,-11.168767,-10.638767,-10.218767,-10.718767,-10.798767,-10.808767,-10.948767,-11.708767,-11.578767,-11.838767,-12.278767,-13.528767,-11.768767,-11.408767,-12.558767
-5.038767,-5.3487673,-4.758767,-7.3687673,-4.688767,-7.498767,-7.148767,-9.298767,-8.738767,-7.478767,-7.628767,-8.438767,-9.018767,-9.738767,-8.818768,-8.658767,-9.128767,-9.288767,-9.648767,-9.428767,-9.678767,-8.978767,-9.208767,-9.478767,-9.218767,-9.248767,-8.968767,-9.098767,-9.088767,-10.158767,-11.648767,-11.708767,-10.878767,-11.888767,-12.1087675,-12.028767,-12.098767,-12.738767,-11.848767,-12.158767,-11.838767,-12.658767,-12.908767,-11.738767,-11.158767,-10.978767,-10.888767,-11.6087675,-11.668767,-11.788767,-11.758767,-11.868767,-11.988767,-11.748767,-11.658767,-12.538767,-11.968767,-10.998767,-11.588767
-4.8687673,-5.158767,-5.748767,-7.168767,-6.278767,-6.818767,-6.448767,-7.048767,-7.218767,-7.798767,-7.158767,-6.978767,-7.448767,-7.6187673,-7.628767,-8.208767,-8.048767,-7.748767,-8.548767,-8.538767,-8.8587675,-9.308767,-9.138767,-9.058767,-8.888767,-8.918767,-8.908767,-9.1087675,-9.208767,-9.058767,-9.598767,-10.218767,-10.838767,-11.328767,-11.388767,-11.788767,-12.318768,-12.518767,-12.908767,-12.508767,-12.328767,-12.468767,-11.818768,-11.308767,-11.698767,-12.068768,-12.128767,-12.288767,-12.228767,-12.428767,-12.298767,-12.298767,-12.218767,-11.938767,-11.578767,-11.048767,-11.768767,-11.048767,-10.188767
-5.3487673,-6.008767,-5.3287673,-6.018767,-6.158767,-5.3287673,-5.518767,-6.658767,-6.478767,-7.538767,-7.748767,-7.338767,-7.8287673,-7.418767,-7.648767,-7.708767,-7.698767,-7.688767,-7.3287673,-8.258767,-8.338767,-8.098767,-7.8287673,-7.568767,-7.608767,-7.668767,-7.6387672,-7.628767,-7.8687673,-8.408767,-8.138767,-9.638767,-9.918767,-10.768767,-10.888767,-11.268767,-12.118767,-12.538767,-12.488767,-12.588767,-12.518767,-12.268767,-11.618767,-11.938767,-10.978767,-10.928767,-12.128767,-11.878767,-11.408767,-11.398767,-11.448767,-11.498767,-11.638767,-11.678767,-11.688767,-10.938767,-10.768767,-9.988767,-10.468767
-3.4387672,-2.838767,-5.448767,-5.6187673,-5.588767,-4.5787673,-4.248767,-4.8887672,-6.8087673,-6.588767,-6.428767,-6.968767,-7.088767,-8.338767,-7.038767,-7.378767,-7.068767,-7.068767,-7.6187673,-7.778767,-7.218767,-6.658767,-7.248767,-7.298767,-6.918767,-6.458767,-6.358767,-6.198767,-6.418767,-7.068767,-7.408767,-7.978767,-7.988767,-9.088767,-9.338767,-9.748767,-10.508767,-11.368767,-11.558767,-11.678767,-11.538767,-11.348767,-10.528767,-11.628767,-11.498767,-10.688767,-9.098767,-10.228767,-10.428767,-10.128767,-10.038767,-10.058767,-9.988767,-9.968767,-10.198767,-10.248767,-9.948767,-9.988767,-9.808767
-2.088767,-2.318767,-3.158767,-6.108767,-5.718767,-5.588767,-5.858767,-6.658767,-5.5787673,-5.8087673,-5.798767,-6.3487673,-6.708767,-6.648767,-7.208767,-6.988767,-6.5987673,-6.3087673,-6.168767,-6.648767,-7.048767,-6.958767,-7.3687673,-6.588767,-6.3287673,-6.478767,-6.418767,-6.718767,-6.698767,-6.758767,-6.468767,-6.728767,-6.8087673,-6.518767,-7.248767,-6.6387672,-7.158767,-8.368767,-9.148767,-9.748767,-9.798767,-10.228767,-10.1087675,-10.158767,-9.528767,-9.278767,-8.198767,-7.438767,-8.278767,-8.638767,-8.868767,-8.948767,-9.078767,-9.138767,-9.148767,-9.038767,-8.498767,-9.618767,-9.878767
-0.88876706,-2.028767,-3.2187672,-2.328767,-4.3287673,-5.128767,-4.908767,-5.258767,-6.398767,-5.3487673,-5.3087673,-5.648767,-5.1187673,-6.0987673,-6.008767,-5.798767,-5.668767,-5.438767,-5.8887672,-5.818767,-5.718767,-6.158767,-5.778767,-5.678767,-5.738767,-5.608767,-5.6187673,-5.648767,-4.698767,-5.1387672,-5.798767,-5.918767,-5.288767,-5.6187673,-5.358767,-4.798767,-4.508767,-5.228767,-6.398767,-6.928767,-7.518767,-7.8687673,-7.8087673,-7.778767,-7.758767,-7.628767,-5.588767,-5.708767,-6.6387672,-7.318767,-7.518767,-7.568767,-8.148767,-8.238767,-8.878767,-8.388767,-7.068767,-7.968767,-9.378767
0.03123291,-1.468767,-1.3687671,-2.278767,-2.048767,-2.528767,-3.578767,-4.778767,-5.728767,-4.918767,-4.5587673,-4.5787673,-3.9787672,-4.658767,-5.208767,-5.148767,-4.8287673,-5.3487673,-5.398767,-5.3087673,-5.198767,-5.918767,-5.478767,-5.0787673,-5.258767,-4.668767,-5.088767,-5.3487673,-5.0787673,-4.968767,-5.488767,-4.318767,-4.338767,-4.288767,-3.658767,-3.378767,-3.4487672,-3.6987672,-4.408767,-4.6187673,-4.678767,-4.788767,-5.148767,-5.148767,-5.148767,-4.148767,-3.788767,-4.488767,-5.948767,-7.568767,-8.058767,-8.278767,-7.168767,-7.068767,-7.958767,-7.778767,-7.288767,-7.788767,-8.278767
