webapp0823/web/display/20180420gfs.json
{"header": {"discipline":0,"disciplineName":"Meteorological products","gribEdition":2,"gribLength":78262,"center":7,"centerName":"US National Weather Service - NCEP(WMC)","subcenter":0,"refTime":"2018-04-20T00:00:00.000Z","significanceOfRT":1,"significanceOfRTName":"Start of forecast","productStatus":0,"productStatusName":"Operational products","productType":1,"productTypeName":"Forecast products","productDefinitionTemplate":0,"productDefinitionTemplateName":"Analysis/forecast at horizontal level/layer at a point in time","parameterCategory":2,"parameterCategoryName":"Momentum","parameterNumber":3,"parameterNumberName":"V-component_of_wind","parameterUnit":"m.s-1","genProcessType":2,"genProcessTypeName":"Forecast","forecastTime":18,"surface1Type":100,"surface1TypeName":"Isobaric surface","surface1Value":85000.0,"surface2Type":255,"surface2TypeName":"Missing","surface2Value":0.0,"gridDefinitionTemplate":0,"gridDefinitionTemplateName":"Latitude_Longitude","numberPoints":65160,"shape":6,"shapeName":"Earth spherical with radius of 6,371,229.0 m","gridUnits":"degrees","resolution":48,"winds":"true","scanMode":0,"nx":360,"ny":181,"basicAngle":0,"lo1":0.0,"la1":90.0,"lo2":359.0,"la2":-90.0,"dx":1.0,"dy":1.0}, "data":
[rows 78 to 103 of 181, columns 236 to 294 of 360]
-0.885415,-0.34541503,-0.30541503,0.07458496,-0.33541504,-0.59541506,-1.165415,-1.705415,-2.295415,-3.725415,-4.855415,-5.915415,-6.155415,-6.215415,-5.785415,-4.475415,-1.8854151,2.084585,1.554585,2.874585,2.554585,2.864585,2.624585,0.25458497,-1.8854151,-1.695415,-1.835415,1.784585,3.604585,1.8745849,0.57458496,0.22458497,-1.2654151,-3.595415,-4.265415,-3.385415,-5.215415,-5.265415,-5.395415,-6.265415,-4.225415,-3.735415,-3.645415,-3.245415,-3.0754151,-1.725415,-0.025415039,1.834585,3.554585,2.524585,5.034585,4.334585,8.414585,6.174585,4.244585,3.884585,2.254585,1.264585,2.534585
-0.32541505,-0.49541503,-0.54541504,-0.635415,-0.505415,-1.425415,-1.465415,-2.035415,-3.285415,-4.595415,-5.795415,-5.215415,-4.725415,-4.815415,-4.775415,-3.725415,-0.15541504,0.24458496,1.574585,2.224585,2.204585,2.044585,0.76458496,-1.295415,-1.185415,-2.665415,-1.6354151,0.924585,2.374585,1.1045849,-0.23541504,-1.1454151,-3.395415,-4.545415,-5.4354153,-4.155415,-3.8254151,-4.735415,-2.905415,-5.535415,-3.365415,-3.5554152,-4.135415,-5.005415,-3.695415,-1.575415,-0.37541503,2.074585,3.604585,6.634585,-0.91541505,2.9345849,3.1645849,4.114585,6.154585,4.174585,2.884585,4.104585,2.024585
1.144585,-0.09541504,-0.77541506,-0.65541506,-1.8754151,-1.845415,-3.355415,-3.455415,-4.325415,-4.665415,-4.575415,-4.795415,-4.465415,-4.675415,-4.505415,-1.845415,-1.665415,0.734585,1.904585,2.094585,1.8545849,3.274585,0.30458495,-0.66541505,-1.7454151,-3.855415,-2.475415,0.11458496,0.91458493,-0.16541503,-0.765415,-3.105415,-4.005415,-5.605415,-5.425415,-2.925415,-2.615415,-0.42541504,-4.635415,-1.2554151,-2.515415,-1.905415,-4.625415,-3.975415,-3.715415,-2.345415,-0.11541504,0.864585,1.944585,4.584585,2.624585,1.4945849,0.24458496,-0.755415,6.594585,4.224585,1.074585,0.60458493,0.004584961
-0.755415,1.1145849,-0.40541503,-0.72541505,-1.6254151,-2.235415,-3.475415,-3.665415,-4.225415,-3.745415,-4.245415,-4.295415,-5.235415,-5.755415,-4.345415,-2.895415,-2.295415,-0.39541504,1.6145849,2.514585,1.7245849,2.094585,1.464585,-0.96541506,-3.135415,-3.8254151,-2.935415,-1.0054151,-0.21541505,-0.44541505,-1.675415,-2.935415,-4.315415,-5.605415,-3.385415,-3.255415,-2.635415,-0.71541506,0.89458495,0.21458496,-3.625415,-0.085415035,-4.9554152,-7.2054152,-6.6854153,-3.0654151,-0.575415,0.094584964,1.9745849,2.064585,2.044585,3.484585,1.334585,-0.66541505,-0.875415,-0.21541505,-0.27541503,-0.17541504,-0.29541504
-0.635415,-0.85541505,-0.47541505,-0.98541504,-1.565415,-2.375415,-3.135415,-3.665415,-3.945415,-3.715415,-3.205415,-4.325415,-4.765415,-4.755415,-3.125415,-1.715415,-1.9954151,0.33458495,0.91458493,1.514585,2.604585,0.05458496,0.10458496,-0.09541504,-1.8654151,-4.635415,-5.615415,-2.735415,-2.665415,-1.5054151,-1.0054151,-1.785415,-3.245415,-2.8354151,-2.3154151,-2.345415,-1.285415,0.35458496,1.674585,1.654585,-0.005415039,-4.105415,-6.775415,-3.175415,-5.225415,-1.045415,-0.79541504,1.164585,-0.13541503,2.774585,0.70458496,0.794585,1.904585,-3.145415,-2.845415,-2.645415,-2.255415,-1.795415,-0.80541503
-0.30541503,-0.40541503,-0.84541506,-1.6154151,-1.155415,-1.855415,-1.835415,-1.985415,-2.865415,-2.605415,-2.545415,-2.995415,-2.765415,-2.205415,-1.965415,-2.205415,-1.585415,0.69458497,1.824585,1.094585,-0.16541503,-0.27541503,-1.785415,-1.735415,-2.265415,-3.155415,-3.615415,-3.415415,-3.545415,-1.695415,-1.195415,-2.365415,-3.0554152,-2.735415,-1.965415,-1.305415,-0.25541505,0.684585,0.13458496,0.48458496,-1.7754151,-2.795415,-5.265415,-6.305415,-4.9554152,-1.2454151,-1.805415,0.14458495,-1.095415,1.8545849,0.16458496,-0.96541506,0.004584961,-4.6854153,-3.465415,-2.665415,-3.855415,-3.845415,-1.8854151
0.64458495,-0.20541504,-0.27541503,0.25458497,-0.40541503,-0.45541504,-1.095415,-2.435415,-2.515415,-2.185415,-2.255415,-1.295415,-0.91541505,-0.78541505,-1.185415,-0.71541506,-0.77541506,0.19458497,0.924585,-0.015415039,-0.20541504,-1.8654151,-2.125415,-3.545415,-3.865415,-4.4354153,-3.395415,-2.465415,-1.2754151,-0.54541504,-1.2654151,-3.015415,-2.975415,-2.715415,-2.605415,-2.8354151,-2.465415,-2.275415,-2.475415,-1.045415,-1.435415,-4.065415,-4.995415,-7.335415,-3.765415,-1.1454151,-0.61541504,1.684585,-0.23541504,3.4345849,-1.705415,1.274585,-3.755415,-5.565415,-7.025415,-4.2054152,-2.925415,-4.505415,-1.6354151
0.984585,0.83458495,0.59458494,-0.48541504,-1.175415,-1.315415,-1.5054151,-1.915415,-1.6454151,-1.5154151,-1.555415,-1.605415,-1.0254151,-0.29541504,0.12458496,0.72458494,1.294585,1.584585,1.3845849,0.70458496,0.60458493,-0.84541506,-2.755415,-3.3054152,-3.845415,-4.145415,-3.035415,-2.725415,-3.105415,-2.035415,-1.7754151,-0.32541505,0.014584961,-0.98541504,-2.655415,-2.185415,-2.855415,-2.295415,-3.485415,-3.425415,-1.695415,-4.785415,-5.065415,-8.825415,-4.395415,-1.575415,-1.035415,0.35458496,1.144585,5.284585,1.414585,1.714585,-4.665415,-6.275415,-4.615415,-4.005415,-0.23541504,1.594585,-0.29541504
1.6245849,1.7245849,1.594585,0.814585,0.07458496,-0.38541505,-1.3654151,-1.605415,-1.705415,-1.295415,-1.3954151,-1.1254151,-0.945415,-0.52541506,0.23458496,1.3645849,1.024585,1.3645849,0.63458496,0.794585,0.76458496,-0.27541503,-2.605415,-2.605415,-3.915415,-2.945415,-3.3154151,-3.5854151,-3.715415,-2.995415,-0.515415,-1.725415,-1.4954151,-1.595415,-2.005415,-2.445415,-2.205415,-1.965415,-1.035415,-1.075415,-2.175415,-5.575415,-5.655415,-8.005415,-3.935415,-2.035415,-1.215415,0.16458496,0.58458495,4.634585,1.2445849,-2.675415,-4.865415,-5.765415,-4.675415,-2.5654151,1.094585,1.544585,3.114585
1.6045849,1.4845849,1.644585,1.414585,0.52458495,-0.47541505,-1.105415,-1.165415,-0.91541505,-1.0254151,-0.935415,-0.59541506,-0.11541504,0.25458497,0.66458493,0.614585,0.684585,0.58458495,1.074585,1.934585,1.314585,0.60458493,-0.06541504,-1.9954151,-3.155415,-2.745415,-2.985415,-3.255415,-3.625415,-2.515415,-2.915415,-2.015415,-1.235415,-1.185415,-1.465415,-2.175415,-2.3354151,-2.215415,-3.0554152,-3.155415,-4.835415,-6.695415,-5.625415,-5.425415,-4.565415,-2.235415,-1.075415,-0.91541505,2.804585,3.654585,-0.53541505,-2.395415,-5.855415,-6.1854153,-3.355415,-2.115415,-0.66541505,-0.32541505,0.91458493
1.714585,1.7445849,1.894585,1.894585,1.094585,0.16458496,-0.38541505,-0.47541505,-0.79541504,-0.92541504,-0.92541504,-0.39541504,0.15458496,0.32458496,0.014584961,0.07458496,0.04458496,0.48458496,1.7545849,1.764585,1.334585,1.064585,0.48458496,-0.59541506,-2.005415,-3.035415,-3.225415,-3.275415,-3.095415,-2.925415,-2.735415,-1.695415,-1.1454151,-1.7654151,-2.5754151,-1.685415,-1.735415,-3.275415,-3.615415,-4.235415,-5.375415,-6.285415,-5.365415,-5.355415,-3.485415,-2.375415,-2.0654151,2.844585,2.704585,-0.77541506,-0.705415,-2.295415,-4.355415,-4.4354153,-3.545415,-2.165415,-0.875415,-0.84541506,-0.66541505
2.084585,2.224585,1.4745849,1.314585,0.734585,0.07458496,-0.52541506,-0.73541504,-1.175415,-1.325415,-0.825415,-0.055415038,0.10458496,-0.26541504,-0.48541504,-0.22541504,0.06458496,1.174585,1.784585,1.264585,1.264585,0.96458495,0.48458496,-0.09541504,-0.815415,-2.0654151,-2.845415,-2.395415,-1.965415,-1.955415,-2.155415,-2.3054152,-1.675415,-1.075415,-1.425415,-2.245415,-3.035415,-4.225415,-4.335415,-5.095415,-4.505415,-3.695415,-3.005415,-2.395415,-1.485415,0.804585,-0.43541503,1.824585,-1.8854151,-1.675415,-1.565415,-2.455415,-4.255415,-3.545415,-2.5654151,-1.185415,-0.27541503,-1.1354151,-1.315415
1.9845849,1.844585,1.584585,1.194585,0.934585,1.184585,0.70458496,-0.21541505,-0.53541505,-0.61541504,-0.46541503,-0.03541504,0.64458495,0.24458496,0.12458496,0.25458497,0.924585,1.534585,1.654585,1.334585,0.97458494,1.034585,0.614585,0.06458496,0.08458496,-0.41541505,-1.695415,-2.255415,-1.595415,-1.185415,-1.7754151,-0.32541505,0.59458494,-0.10541504,-1.455415,-2.205415,-3.355415,-4.465415,-4.4554152,-4.4554152,-3.455415,-2.725415,-1.155415,-0.26541504,0.95458496,0.20458496,1.7545849,1.8645849,-1.185415,-3.015415,-3.655415,-3.775415,-3.485415,-2.205415,-0.945415,-1.0054151,-1.915415,-1.225415,-3.295415
1.0045849,0.744585,0.804585,0.84458494,0.32458496,0.88458496,0.29458496,-0.11541504,-0.36541504,-0.30541503,0.05458496,0.34458497,0.874585,1.6045849,1.284585,0.874585,0.91458493,1.1145849,0.814585,0.50458497,0.40458497,0.76458496,0.78458494,0.40458497,-0.015415039,0.04458496,-0.46541503,-0.72541505,-0.765415,-0.635415,0.19458497,0.31458497,0.17458495,-1.925415,-2.3254151,-3.185415,-3.755415,-3.895415,-3.465415,-3.195415,-2.435415,-1.315415,-0.40541503,0.794585,0.05458496,0.03458496,0.12458496,0.33458495,-2.185415,-4.445415,-4.645415,-1.695415,-1.8754151,-1.6354151,-1.185415,-1.1154151,-1.315415,-2.3154151,-2.955415
0.614585,0.27458495,0.36458495,-0.03541504,0.42458495,-1.2754151,-0.85541505,-0.77541506,-0.58541507,-0.23541504,-0.65541506,-0.565415,-0.18541504,0.544585,1.4745849,1.644585,1.534585,1.3745849,0.63458496,-0.055415038,-0.31541502,-0.28541505,-0.24541503,-0.005415039,-0.29541504,-0.46541503,-0.37541503,-0.45541504,-0.54541504,-0.085415035,0.30458495,-0.11541504,-0.64541507,-1.575415,-2.725415,-2.8054152,-2.685415,-2.105415,-1.555415,-1.235415,-0.66541505,0.46458495,1.394585,1.284585,0.51458496,0.804585,-0.12541504,2.804585,1.534585,-2.135415,-2.785415,-2.0554152,-1.405415,-1.215415,-0.42541504,-0.45541504,-0.98541504,-2.095415,-2.765415
0.18458496,-0.765415,-0.79541504,-1.285415,-1.425415,-1.295415,-1.175415,-1.3654151,-1.5154151,-1.3854151,-1.3854151,-1.325415,-0.85541505,-0.39541504,0.27458495,0.66458493,0.014584961,0.35458496,0.734585,0.38458496,0.23458496,-0.03541504,-0.505415,-0.83541507,-0.53541505,-0.83541507,-0.58541507,-0.32541505,-0.09541504,0.20458496,0.27458495,0.16458496,-0.44541505,-1.535415,-2.255415,-2.115415,-1.405415,-0.64541507,-0.48541504,-0.14541504,0.44458497,0.82458496,1.794585,2.704585,1.3545849,-0.20541504,-0.15541504,0.27458495,0.45458496,-2.175415,-2.5854151,-2.285415,-1.8854151,-0.33541504,-0.015415039,-0.14541504,-0.955415,-2.015415,-2.485415
0.75458497,-0.07541504,-0.55541503,-0.77541506,-1.225415,-1.295415,-1.185415,-1.8654151,-2.235415,-2.525415,-2.625415,-2.175415,-1.355415,-0.91541505,0.21458496,0.45458496,0.58458495,-0.505415,-0.945415,-0.09541504,0.094584964,0.17458495,0.04458496,-0.30541503,-0.61541504,-0.40541503,0.38458496,0.59458494,0.66458493,0.874585,0.78458494,0.26458496,-0.33541504,-1.195415,-1.6354151,-1.6154151,-1.1354151,-0.73541504,-0.64541507,-0.32541505,0.03458496,0.96458495,2.034585,4.434585,-0.27541503,-0.45541504,-1.045415,-1.575415,-1.355415,-1.925415,-1.6454151,-1.3854151,-0.64541507,-0.52541506,-0.38541505,-1.3754151,-1.7654151,-2.095415,-2.5754151
2.644585,1.4845849,-0.43541503,-0.85541505,-0.55541503,-1.155415,-1.205415,-1.095415,-2.5654151,-3.045415,-3.3254151,-3.035415,-2.865415,-2.615415,-2.165415,-1.355415,-0.72541505,-0.90541506,-1.035415,-0.23541504,-0.755415,-0.45541504,-0.79541504,-0.34541503,-0.14541504,-0.65541506,0.43458498,-0.22541504,0.39458495,0.75458497,0.76458496,1.034585,0.744585,0.08458496,-0.60541505,-1.1254151,-1.195415,-1.0154151,-1.055415,-0.71541506,-0.10541504,0.684585,1.794585,1.844585,1.794585,-2.035415,-0.505415,-2.015415,-2.245415,-2.035415,-1.4954151,-1.305415,-0.52541506,-0.30541503,-0.35541505,-1.7554151,-2.035415,-2.665415,-1.8854151
1.794585,2.124585,0.674585,-0.575415,0.53458494,1.184585,-0.33541504,-0.99541503,-2.225415,-2.945415,-3.0654151,-2.8154151,-2.545415,-2.925415,-2.885415,-2.505415,-2.355415,-2.235415,-1.705415,-1.2554151,-1.1354151,-1.4954151,-1.575415,-1.195415,-1.2754151,-1.585415,-1.225415,-0.45541504,0.28458497,-0.10541504,0.47458497,-0.18541504,0.26458496,0.59458494,0.95458496,0.77458495,-0.72541505,-1.155415,-1.345415,-1.1354151,-0.695415,0.11458496,0.91458493,1.514585,0.89458495,-1.335415,-1.3954151,1.9745849,2.594585,0.07458496,-0.26541504,-0.74541503,-0.33541504,-0.03541504,-0.885415,-2.265415,-3.175415,-3.205415,-3.975415
0.53458494,0.85458493,1.2445849,-1.065415,-1.0154151,-0.80541503,0.33458495,-0.505415,-0.44541505,-2.745415,-2.5754151,-3.155415,-2.045415,-2.005415,-3.245415,-3.135415,-3.275415,-3.495415,-3.465415,-2.615415,-1.445415,-1.2454151,-1.825415,-1.595415,-1.485415,-2.345415,-1.795415,-1.345415,-1.065415,-0.83541507,-0.635415,-1.105415,-0.90541506,-0.34541503,-0.33541504,-0.13541503,0.59458494,-0.575415,-1.695415,-1.655415,-0.96541506,-0.64541507,-0.055415038,0.30458495,-0.66541505,-0.24541503,-2.735415,1.174585,1.064585,0.40458497,1.3745849,-0.47541505,-1.225415,-1.665415,-1.5054151,-2.135415,-3.455415,-4.295415,-4.365415
-0.04541504,0.21458496,0.924585,0.45458496,-0.16541503,-1.355415,-0.33541504,-0.575415,-1.335415,-0.07541504,-0.91541505,-1.325415,-1.975415,-1.595415,-1.705415,-1.725415,-2.665415,-3.255415,-3.845415,-3.355415,-2.225415,-1.585415,-0.16541503,-0.28541505,-1.2654151,-2.3054152,-2.535415,-1.665415,-1.725415,-2.385415,-1.335415,-1.405415,-1.7554151,-1.665415,-1.235415,-1.855415,-0.635415,-1.085415,-2.195415,-1.7454151,-1.215415,-1.585415,-1.1254151,0.04458496,1.414585,2.384585,-2.975415,-1.3854151,-0.32541505,0.10458496,1.794585,0.04458496,-1.325415,-1.7754151,-1.575415,-2.0554152,-3.705415,-4.555415,-4.895415
0.37458497,0.564585,0.76458496,0.804585,0.624585,-0.45541504,-0.48541504,-0.44541505,-1.0254151,-1.585415,0.02458496,-0.27541503,-0.085415035,-1.2654151,-1.085415,-1.555415,-1.545415,-0.46541503,-2.095415,-2.665415,-1.835415,-1.8754151,-1.6454151,-1.2454151,-0.53541505,-0.99541503,-1.485415,-1.3754151,-1.1454151,-0.74541503,-1.215415,-1.6354151,-2.395415,-2.125415,-1.795415,-1.215415,-1.945415,-2.0654151,-2.155415,-1.7554151,-1.9954151,-2.615415,-1.715415,-0.39541504,0.43458498,2.534585,0.24458496,-1.655415,-0.25541505,-0.25541505,0.794585,0.27458495,-1.065415,-1.805415,-2.535415,-1.805415,-2.735415,-3.8354151,-5.175415
0.27458495,0.36458495,-0.025415039,0.19458497,0.41458496,0.59458494,-0.72541505,-1.175415,-1.305415,-1.165415,-2.115415,-0.77541506,-1.3854151,-1.6254151,-1.285415,-0.39541504,-0.36541504,-0.49541503,-0.78541505,-3.605415,-2.685415,-0.47541505,0.29458496,-0.47541505,-0.65541506,-0.24541503,-0.955415,-0.815415,-1.435415,-1.195415,-0.31541502,-0.09541504,-0.96541506,-1.425415,-1.8654151,-1.945415,-0.875415,-0.65541506,-0.48541504,-1.3654151,-2.405415,-2.875415,-2.685415,-1.805415,-0.765415,0.64458495,1.044585,-4.465415,-3.175415,-2.145415,-0.13541503,0.64458495,-0.65541506,-0.635415,-2.165415,-1.725415,-1.965415,-3.935415,-4.265415
0.42458495,-0.79541504,-0.77541506,-0.34541503,-0.59541506,-1.5254151,-0.90541506,-0.26541504,-0.575415,-0.77541506,0.43458498,-0.67541504,-0.37541503,-0.59541506,0.40458497,0.21458496,-0.85541505,-1.3854151,-0.84541506,-0.52541506,-1.0054151,-3.145415,-2.215415,-0.03541504,2.104585,1.834585,1.584585,0.744585,1.2445849,1.904585,1.8645849,1.844585,1.414585,-0.16541503,-0.875415,-1.2754151,-1.2654151,0.094584964,0.90458494,1.164585,-0.26541504,-1.1454151,-2.505415,-3.205415,-2.415415,-1.0254151,0.13458496,3.214585,-1.205415,-3.5654151,-1.165415,-0.515415,-0.685415,-0.53541505,0.03458496,-1.555415,-1.295415,-1.535415,-2.745415
0.48458496,0.57458496,-0.80541503,-0.89541507,-0.635415,-0.19541503,-2.8054152,-1.595415,-1.075415,-0.565415,0.15458496,0.36458495,0.05458496,1.084585,0.794585,0.34458497,-0.11541504,-1.2754151,-0.625415,-0.16541503,-0.635415,-0.19541503,0.004584961,1.154585,1.2545849,1.4945849,1.294585,0.44458497,0.554585,0.59458494,1.4845849,0.75458497,0.59458494,0.874585,1.194585,1.2445849,0.69458497,0.17458495,0.45458496,1.074585,1.814585,1.074585,-0.705415,-2.5754151,-3.855415,-3.185415,-1.535415,-0.705415,-2.405415,1.2445849,-2.455415,-3.395415,-2.355415,-1.805415,-1.975415,-1.535415,-1.405415,-2.0854151,-2.155415
-1.065415,-1.585415,-0.91541505,-1.225415,-0.765415,-0.30541503,-0.025415039,-1.2454151,-1.435415,-0.815415,-0.13541503,-0.22541504,-0.015415039,0.19458497,0.34458497,0.33458495,0.49458495,0.42458495,0.37458497,-0.085415035,-0.635415,-0.04541504,0.70458496,1.304585,1.294585,1.064585,1.144585,0.874585,0.864585,1.4845849,1.424585,1.564585,1.694585,1.7245849,1.444585,1.844585,2.154585,1.844585,1.9845849,2.014585,3.034585,3.624585,1.454585,-1.595415,-4.055415,-5.055415,-3.645415,-2.595415,2.124585,-4.085415,-2.225415,-2.8254151,-3.495415,-3.3254151,-2.105415,-2.395415,-2.175415,-1.8954151,-2.155415
